2 0.2548076923076923 0.25721153846153844 0.21634615384615385 0.39663461538461536
2 0.49759615384615385 0.25721153846153844 0.21153846153846154 0.3894230769230769
2 0.7307692307692307 0.24519230769230768 0.2091346153846154 0.3942307692307692
2 0.7427884615384616 0.65625 0.20432692307692307 0.37259615384615385
2 0.49038461538461536 0.6658653846153846 0.21875 0.3942307692307692
2 0.24759615384615385 0.6586538461538461 0.22596153846153846 0.4014423076923077
1 0.22355769230769232 0.08653846153846154 0.07451923076923077 0.06971153846153846
1 0.47115384615384615 0.09134615384615384 0.08413461538461539 0.09615384615384616
1 0.6971153846153846 0.0889423076923077 0.07932692307692307 0.09375
1 0.6947115384615384 0.47596153846153844 0.0625 0.06490384615384616
1 0.4639423076923077 0.5048076923076923 0.08653846153846154 0.10096153846153846
1 0.21394230769230768 0.4807692307692308 0.10576923076923077 0.0673076923076923