2 0.1201923076923077 0.13942307692307693 0.11538461538461539 0.21394230769230768
2 0.24278846153846154 0.13942307692307693 0.1201923076923077 0.2091346153846154
2 0.375 0.13701923076923078 0.11538461538461539 0.20673076923076922
2 0.5024038461538461 0.13701923076923078 0.1201923076923077 0.19951923076923078
2 0.6274038461538461 0.13701923076923078 0.10817307692307693 0.1971153846153846
2 0.7548076923076923 0.13942307692307693 0.11057692307692307 0.20192307692307693
2 0.8798076923076923 0.13942307692307693 0.10817307692307693 0.1971153846153846
2 0.8798076923076923 0.3581730769230769 0.11298076923076923 0.20192307692307693
2 0.8798076923076923 0.5817307692307693 0.1201923076923077 0.20432692307692307
2 0.8798076923076923 0.8004807692307693 0.11538461538461539 0.20192307692307693
2 0.7572115384615384 0.7980769230769231 0.11298076923076923 0.1971153846153846
2 0.6346153846153846 0.7956730769230769 0.10817307692307693 0.21153846153846154
2 0.5048076923076923 0.7980769230769231 0.11778846153846154 0.2091346153846154
2 0.38461538461538464 0.7980769230769231 0.11057692307692307 0.20673076923076922
2 0.25240384615384615 0.8004807692307693 0.11538461538461539 0.20192307692307693
2 0.11778846153846154 0.8004807692307693 0.125 0.19471153846153846
2 0.11778846153846154 0.5817307692307693 0.11057692307692307 0.1971153846153846
2 0.24759615384615385 0.5817307692307693 0.11778846153846154 0.19471153846153846
2 0.37740384615384615 0.5817307692307693 0.11057692307692307 0.19951923076923078
2 0.5 0.5793269230769231 0.10576923076923077 0.1971153846153846
2 0.6298076923076923 0.5769230769230769 0.11538461538461539 0.20673076923076922
2 0.7572115384615384 0.5769230769230769 0.11538461538461539 0.20432692307692307
2 0.6298076923076923 0.3581730769230769 0.11057692307692307 0.19951923076923078
2 0.7572115384615384 0.3581730769230769 0.11538461538461539 0.1971153846153846
2 0.5024038461538461 0.3581730769230769 0.1201923076923077 0.19951923076923078
2 0.37259615384615385 0.3605769230769231 0.1201923076923077 0.1971153846153846
2 0.24519230769230768 0.3605769230769231 0.11538461538461539 0.19951923076923078
2 0.11778846153846154 0.3605769230769231 0.11057692307692307 0.20192307692307693